     time step reg l1 reg l2  dropout  neurons       loss accuracy
0            4   0.01    0.0      0.0       30   108.8430   0.6006
1            4   0.01    0.0      0.0       50   215.7637   0.6006
2            4   0.01    0.0      0.0       80   326.9824   0.6006
3            4   0.01    0.0      0.0      100   440.1458   0.6006
4            4   0.01    0.0      0.0      120   554.6198   0.6006
..         ...    ...    ...      ...      ...        ...      ...
295         12   0.01   0.01      0.6       30   140.7456   0.5500
296         12   0.01   0.01      0.6       50   322.6614   0.6033
297         12   0.01   0.01      0.6       80   555.0361   0.6033
298         12   0.01   0.01      0.6      100   836.2729   0.6033
299         12   0.01   0.01      0.6      120  1166.9282   0.6033

[300 rows x 7 columns]
relu, rec_regularizer
     time step reg l1 reg l2  dropout  neurons      loss accuracy
225         10   0.01   0.01      0.2       30  140.1118   0.6159
