     time step reg l1 reg l2  dropout  neurons       loss accuracy
0            4   0.01    0.0      0.0       30   109.1038   0.6006
1            4   0.01    0.0      0.0       50   216.2967   0.6006
2            4   0.01    0.0      0.0       80   327.6982   0.6006
3            4   0.01    0.0      0.0      100   441.1591   0.6006
4            4   0.01    0.0      0.0      120   555.8658   0.6006
..         ...    ...    ...      ...      ...        ...      ...
295         12   0.01   0.01      0.6       30   140.3045   0.5867
296         12   0.01   0.01      0.6       50   321.2939   0.6033
297         12   0.01   0.01      0.6       80   552.8032   0.6033
298         12   0.01   0.01      0.6      100   833.2700   0.6033
299         12   0.01   0.01      0.6      120  1163.1957   0.6033

[300 rows x 7 columns]
tanh, rec_regularizer
     time step reg l1 reg l2  dropout  neurons      loss accuracy
236         10   0.01   0.01      0.6       50  322.2481   0.6159
