     time step reg l1 reg l2  dropout  neurons    loss accuracy
0            4    0.0    0.0      0.0       30  0.6812   0.6006
1            4    0.0    0.0      0.0       50  0.6809   0.6006
2            4    0.0    0.0      0.0       80  0.6807   0.6006
3            4    0.0    0.0      0.0      100  0.6807   0.6006
4            4    0.0    0.0      0.0      120  0.6806   0.6006
..         ...    ...    ...      ...      ...     ...      ...
395         12   0.01   0.01      0.6       30  2.4614   0.5967
396         12   0.01   0.01      0.6       50  1.7877   0.6033
397         12   0.01   0.01      0.6       80  1.2578   0.6033
398         12   0.01   0.01      0.6      100  0.8542   0.6033
399         12   0.01   0.01      0.6      120  0.6803   0.6033

[400 rows x 7 columns]
tanh, bias_regularizer
     time step reg l1 reg l2  dropout  neurons    loss accuracy
175          8    0.0    0.0      0.6       30  0.6790   0.6151
