     time step reg l1 reg l2  dropout  neurons     loss accuracy
0            4   0.01    0.0      0.0       64   2.1553   0.6006
1            4   0.01    0.0      0.0      128   3.6264   0.6006
2            4   0.01    0.0      0.0      256   6.5814   0.6006
3            4   0.01    0.0      0.2       64   2.1588   0.6006
4            4   0.01    0.0      0.2      128   3.6365   0.6006
..         ...    ...    ...      ...      ...      ...      ...
175         12   0.01   0.01      0.4      128   5.9782   0.6033
176         12   0.01   0.01      0.4      256  11.2720   0.6033
177         12   0.01   0.01      0.6       64   3.3324   0.6033
178         12   0.01   0.01      0.6      128   5.9845   0.6033
179         12   0.01   0.01      0.6      256  11.2902   0.6033

[180 rows x 7 columns]
relu, bias_regularizer
     time step reg l1 reg l2  dropout  neurons    loss accuracy
126         10    0.0   0.01      0.4       64  2.6501   0.6291
