     time step reg l1 reg l2  dropout  neurons    loss accuracy
0            4    0.0    0.0      0.0       30  0.6811   0.6006
1            4    0.0    0.0      0.0       50  0.6809   0.6006
2            4    0.0    0.0      0.0       80  0.6807   0.6006
3            4    0.0    0.0      0.0      100  0.6807   0.6006
4            4    0.0    0.0      0.0      120  0.6805   0.6006
..         ...    ...    ...      ...      ...     ...      ...
395         12   0.01   0.01      0.6       30     nan   0.5333
396         12   0.01   0.01      0.6       50     nan   0.6033
397         12   0.01   0.01      0.6       80     nan   0.6033
398         12   0.01   0.01      0.6      100     nan   0.6033
399         12   0.01   0.01      0.6      120     nan   0.6033

[400 rows x 7 columns]
tanh, kernel_regularizer
     time step reg l1 reg l2  dropout  neurons    loss accuracy
255         10    0.0    0.0      0.6       30  0.6838   0.6457
